2 1 0 25
1 2 -180 25
1 3 0 25 
3 1 -180 25
3 4 -7 25
4 3 -187 25
4 5 -5 25
5 4 -185 25
5 6 -2 25
6 5 -182 25
6 7 -5 25
7 6 -185 25
7 8 -1 25
8 7 -181 25
8 9 -5 25
9 8 -185 25
9 10 -5 25
10 9 -185 25
10 11 0 25
11 10 -180 25
11 12 7 25
12 11 -173 25
12 13 92 25
13 12 -88 25
13 14 98 25
14 13 -82 25
14 15 105 15 
15 14 -75 15
15 16 84 25
16 15 -96 25
16 17 88 25
17 16 -92 25
17 18 88 25
18 17 -92 25
18 19 88 25
19 18 -92 25
18 47 0 25
47 18 -180 25
18 46 180 25
46 18 0 25
19 20 88 25
20 19 -92 25
20 21 88 25
21 20 -92 25
21 28 158 25
28 21 -22 25
21 22 88 25
22 21 -92 25
22 23 88 25
23 22 -92 25
22 38 -16 25
38 22 -196 25
23 25 88 25
25 23 -92 25
25 26 53 25
26 25 -127 25
25 27 142 20
27 25 -38 20
28 29 82 20
29 28 -98 20
28 46 -90 20
46 28 -270 20
29 30 82 25
30 29 -98 25
30 31 51 25
31 30 -129 25
31 32 0 25
32 31 -180 25
32 33 0 25
33 32 -180 25
33 35 14 20
35 33 -166 20
33 36 -63 20
36 33 -243 20
34 35 -31 25
35 34 -211 25
36 37 -98 25
37 36 -278 25
37 38 -115 20
38 37 -295 20
38 39 0 25
39 38 -180 25
39 40 0 25
40 39 -180 25
40 41 -19 20
41 40 -199 20
41 43 -117 20
43 41 -297 20
41 42 -66 25
42 41 -246 25
42 43 -179 20
43 42 -359 20
43 47 -163 20
47 43 -343 20
44 47 130 25
47 44 -50 25
45 46 53 20
46 45 -127 20
